tensor([[[[-0.0623, -0.0623, -0.0623, -0.0623, -0.0623],
          [-0.0623, -0.0623, -0.0623, -0.0623, -0.0623],
          [-0.0623, -0.0623, -0.0623, -0.8545, -0.5692],
          [-0.0869, -0.2585,  2.3368,  2.3204, -0.4528],
          [ 0.1065, -0.6740,  0.1823,  1.3644, -1.4279]],

         [[ 0.0047,  0.0047,  0.0047,  0.0047,  0.0047],
          [ 0.0047,  0.0047,  0.0047,  0.0047,  0.0047],
          [ 0.0047,  0.0047,  0.0047, -0.2788, -0.5848],
          [-0.4480, -0.0197, -1.1175,  0.6853,  0.2956],
          [ 0.8174,  0.7815, -1.0207, -0.2232, -1.7450]],

         [[ 0.0473,  0.0473,  0.0473,  0.0473,  0.0473],
          [ 0.0473,  0.0473,  0.0473,  0.0473,  0.0473],
          [ 0.0473,  0.0473,  0.0473,  0.3497, -0.0920],
          [-1.0264, -0.2658,  0.3212,  2.5267, -2.5451],
          [-0.5871, -0.8734, -0.6327,  2.4424, -2.7098]],

         ...,

         [[-0.0176, -0.0176, -0.0176, -0.0176, -0.0176],
          [-0.0176, -0.0176, -0.0176, -0.0176, -0.0176],
          [-0.0176, -0.0176, -0.0176, -0.2143,  0.0680],
          [ 0.5060,  1.8533,  1.6536,  0.3342,  1.1010],
          [-0.1287,  1.7913,  0.4697, -0.0981,  0.3598]],

         [[ 0.0393,  0.0393,  0.0393,  0.0393,  0.0393],
          [ 0.0393,  0.0393,  0.0393,  0.0393,  0.0393],
          [ 0.0393,  0.0393,  0.0393, -0.6823,  0.1611],
          [ 1.0558,  1.0920, -0.5491, -0.4159, -1.0314],
          [ 1.1448,  0.7901, -1.9072, -1.6144,  0.5779]],

         [[ 0.0143,  0.0143,  0.0143,  0.0143,  0.0143],
          [ 0.0143,  0.0143,  0.0143,  0.0143,  0.0143],
          [ 0.0143,  0.0143,  0.0143,  0.4957, -1.5594],
          [ 0.1040,  0.3392,  0.7285,  0.2342, -0.2857],
          [ 0.2192,  0.2196,  0.9417,  0.5453, -1.8152]]]], device='cuda:0')
tensor([[[0.0609]],

        [[0.0000]],

        [[0.0771]],

        [[0.4252]],

        [[0.3490]],

        [[0.4898]],

        [[0.1578]],

        [[0.1108]],
[[0.1087]],

        [[0.4882]]], device='cuda:0')
tensor([[[[-0.0623, -0.0623, -0.0623, -0.0623, -0.0623],
          [-0.0623, -0.0623, -0.0623, -0.0623, -0.0623],
          [-0.0623, -0.0623, -0.8545, -0.5692,  0.6074],
          [-0.2585,  2.3368,  1.9056,  0.4157,  1.0043],
          [-0.6740,  0.1823,  1.4547, -0.2932,  2.7350]],

         [[ 0.0047,  0.0047,  0.0047,  0.0047,  0.0047],
          [ 0.0047,  0.0047,  0.0047,  0.0047,  0.0047],
          [ 0.0047,  0.0047, -0.2788, -0.5848,  0.5800],
          [-0.0197, -1.1175,  0.4174,  0.8087, -0.1663],
          [ 0.7815, -1.0207,  0.8281, -1.6730, -0.2462]],

         [[ 0.0473,  0.0473,  0.0473,  0.0473,  0.0473],
          [ 0.0473,  0.0473,  0.0473,  0.0473,  0.0473],
          [ 0.0473,  0.0473,  0.3497, -0.0920, -0.0111],
          [-0.2658,  0.3212,  2.6226, -1.4346,  0.6654],
          [-0.8734, -0.6327,  1.7028, -2.1063, -1.9732]],

         ...,

         [[-0.0176, -0.0176, -0.0176, -0.0176, -0.0176],
          [-0.0176, -0.0176, -0.0176, -0.0176, -0.0176],
          [-0.0176, -0.0176, -0.2143,  0.0680,  0.2355],
          [ 1.8533,  1.6536,  0.4576,  0.3074,  1.2156],
          [ 1.7913,  0.4697, -0.0569,  0.2999,  1.8580]],

         [[ 0.0393,  0.0393,  0.0393,  0.0393,  0.0393],
          [ 0.0393,  0.0393,  0.0393,  0.0393,  0.0393],
          [ 0.0393,  0.0393, -0.6823,  0.1611, -2.8482],
          [ 1.0920, -0.5491,  0.4294, -0.3998, -2.5193],
          [ 0.7901, -1.9072, -0.7784,  0.5401, -1.3483]],

         [[ 0.0143,  0.0143,  0.0143,  0.0143,  0.0143],
          [ 0.0143,  0.0143,  0.0143,  0.0143,  0.0143],
          [ 0.0143,  0.0143,  0.4957, -1.5594, -0.9131],
          [ 0.3392,  0.7285,  0.6992,  0.5246, -0.2356],
          [ 0.2196,  0.9417, -0.1271, -1.1400, -0.8288]]]], device='cuda:0')
tensor([[[0.0000]],

        [[0.0000]],

        [[0.1261]],

        [[0.4358]],

        [[0.4157]],

        [[1.0934]],

        [[0.2809]],

        [[0.1021]],

        [[0.1131]],

        [[0.5224]]], device='cuda:0')
